$ANSIBLE_VAULT;1.1;AES256
64623463326363336464343833326266323237303562333934646335623631326261336136303066
6136613537326238373366383561316361306266356536370a353962636165333761306465326435
34666139393533383637336534623438356564383239376238646633333064306332376336646430
3838396336653838330a376566653737613035336630343830343031643566303135623362633739
35386133353533663438366437636564356162313763316335326339373666333731323035396566
62303333313034623233323538363039366238306434343365363035383932663138363134623035
34323038383737346261393661623931613533383133393962313035366337666164623464393139
61636534626266353739333432653234633564336531613730616366323863306263383232353238
34323362663633396537366636663264393962373834633664643837303535303163383232613765
39386437383630646164383432616233653134336235643435393631323535663334373566313162
61336235616665666133336538333338633234303635383139323161306562666237373631313630
35396639333864346434326166326331646530386437353965316363313839643366313062313564
37356336393934313037393839313630636330383730313562386363333765306165633465613732
64633935643739613632633736613733386166306232373535663833626136383339633931396135
35383232336566396430356261336164633264363466656562633634396230616332613161306665
65323132323137663630313331636638663239373834616135303833393666373330333135613936
62356336363131356462623364343636663664316636616634666562653865323838356332663161
33623230313937663536623939386536356437623765343838306664326433326437396438346335
62663236306461346462303736613366626138613637376133393962393333363437353433343365
30623235303336336666333663346232383536346263346438616439313163663737613763653732
36336234386431613039616336653137363335653565393034613836393164363834343637363162
64626165613930303334613034613565316161353132633132303262376236356638636231646234
39643431383764336537303061316133303561323265303737616333356265343266663234323261
63306366306531396335343035363834613161366634653661356462653939396463313466313734
63366336313336656461343436363331616137303534326531633036646662323531613234363039
37353539636464363266373436656564633966643462363138613334333436613835383037656237
33343330326538343964386633386639643730306236333362663063343830633135343730383365
33326239333663316462623132623135346533373464656331326337623630383664356235373964
64366437393331343861343035333263626532663161316239636365306366336138313461313039
35393865336231633137346130346262346537616534386136386365373534336664313838643666
65623537376136363235376363653135636133356264313135356131306639626638313730363738
65623966383462626431323039626135383733336234303139653363643232356437613635633730
39613631626536396338363532666130373161343766666363626361646231316564643638313066
62626437616364383965363936623131323739623561373964616438633334303061326536373030
33353961343735336364636364663532643566633536366562616662336563346335653439623061
36633063346433633166313665336465346364643163363733326337396462323932353164626632
33616130623462306136333634613265383862386134633935343664623833386537386532633132
36626535366666653737393031303832613437313434626666363136353737356361396433383234
34303233623063333364373938383731303862633039323866343338616566363961353265316361
33373639336433653565373066366135376136323063326364343233653337616331653736373630
36366538326537366464653461356139366363646134313238656265353035666638356536623863
61383735633036626365663364316433316137663062353430313461396136653334353730363536
64656238303138386164383738653135366330323032326262343761393635353732626464653133
30346562306139626462343333633965313736613731626630313038386133346139356662326162
32613532313261363938383365363366393135633131353964383762393432323163373232653738
34626236633934666166623162373935616463396663613733336262366131333063343431333637
34653164663835303437393532353161316535623962313639663361373063376366633832393636
61346462666664663666613561613236646363323438623037616431383638373038316665616330
33636362323966363330666238653161333138353566306162323637643734346339653432636261
63353562386537343864353065303635363162636365363862373766613332363865643838623566
34396431356564376333336561393563306536353965363965326633303339323938646338616238
37636636366262313561386537346536616636333836383035636661366533306464386263633434
63373632323033616365303935323531313166383262343761376466343465646330346364353832
36646632313665333864666662353937656666343039636438303564343037656234353339636363
32306232383961656138663735386630346363393162633734633833363738633234646537353934
33643238356637376139343539326233333131646363353830613538303336303336303366343465
37653230346530666665633162373866616232326564313133623361336334383738376238343039
30663035393964306335373666303639626136383031326565643964373766323634613261663965
64656530353865656463623739356337633664353233393538303835616331633366626330623535
34353335373563396164323433306264323765653631353437313261393739366565616135326535
61656137643864356433306535363562396266353765383239396137383238666263653631393538
32636264616165633836643164333137643636363036326630636139643835633831353436313537
38373064633430393166316339636534656139353734316639363262333538613261613034613034
30373338393538663361623331333136303932653366663133626434313464383061336430303235
62326665666334623839326461323835363032396338613861393033396162393034633133313132
62346431636539346466303031613461653337346365303532343766613761383035373539663432
39323836663466303463346633313966383537376462306634626432323034376238396633313063
37326463376534633131663035343332626361346362306664666465633065633364303063613362
37383537336236353262333866653761383232303162343166636138313263346634663531303033
62336366353539363138636630383161643861333963663538346363623037633832616334343339
33303562636531376262383534626164393536633836643134353337343933393138373763316566
34656639616465393863636332353364656265383538373732613465633962663330663231373661
65316130633562383837613130623761313437633661316230353030656338383630346261656465
38613036633138613532323138646134333834383464656336316233616566613835336665356530
37653939333131343564323736383139366239343436626565613535343136353266303635626532
33656332313939303861353336623161346333653664366661386261376265626339656237316630
64353665313164333330626464383730393337623466306535656231316639643237643335313038
62386639343338613062346562383338393530653335376337353331323836393662366561373735
30336638633062303436393266643530343136306662396539636235643536336337363538313137
61646137383637616330636263626464323634323763623834383965613661353135336163373433
31363638303731626263356134363235353166613530306566343463343636303930363361633832
36393331323335323565303036386133643965643935343831646664646134326539326334356137
37623633356331643437616365393730303761663566656166643435343835363463653263343463
64383864376132323136333932303230353833306366393937653334616236376433316638633766
66623539326435386361383534313565313231383439653133303462613233336339623134643233
36333932343562633239633361666539376562323464306634623965383236396331353763656332
66663933393561643931303465616433636463616564323132353262633631613132343634303435
31383239636437323538373832393238363839613464316339363437393131363038633565343435
36363031616530613864346236323838393464336466633935346536636437316663386563396538
32633065663861343464633261303137616631333832636532323930396161326530386234366630
66616231656463316136326164623661353962323361366233366132356233313862363033373830
30326635376563653538316263346666393530373238356330326236396233656438663033373661
65626131313866653466383561326133643566376662343933333766366232653561353464323032
31653933653437323038633038396139613766363830623165623166633234323735663836383339
63346436626663303337303231616666356564656236313735653836376133613861613630393138
66323431303836383935323237376134663438333064313364623137313039626434323136316562
34386637623861653362363534333762313130346636353331616532646461366439386465626635
35663664636232626632373963643462636133613430633463323433313934323661306532383738
37333734363734326165616464376634313931636338616130383633386434346366353366393136
66323838336231653966343561393532313935323931343863663664653663373662313138346562
65373937643266383234653662623566636638386535656465346531323537353239356561373264
38656231316462663433383164626533643134373639383637383733666439623361623361636633
31663461396366373130303031336138313165346536363830306436623234613664313030356233
34336639313064626362376534373735383235636234316336383964336134646335653236636262
66626338636534666637636363366535366536346535623466643864353338333834393638326531
32383131393138343165663061333432623434393039623636666130333733393033646163663066
65666539636133623963393738376238386331333564396331353730376430333065373633303837
33626531356262303535306263353865303461323563396265663038666165323434316630663066
62383131313164336365633665626565626263336137666663656431623766623031636262383036
62623934616263613065373839373631303063393830653731373133646635633538383364653764
66646365313835633333616239303939653861326363373633633962666433373831353664313164
39623731336564323661633737643230633932343235663134663361636134373434323130346634
33306462323065313336626464633064366166313237316561333464616534313065616636633634
39313937643338306266326462626231336336333062636234393661313033646466363233336537
64333766613633356161386235623336313834376563616166643461613235653037663831666436
30623939306465623435626639303938313462356662333963653230643737356464316263313064
36633131343036363834653735666663306538386262626530666632333533306266383066326666
39323432353430303536326462643634363337396166363333373764653864343061316263666335
32393536326265613330353034333635666431613539613061313066366539373937656434376437
35333130623838333137346364393263646531666634313464356165373965373638303633303265
65303032303237646431656263653730363637323430343665393639313039393034663138366336
38393832333338616531383630323164303935653964393332366536373262623634666561643165
32313161623665353063323839313732633139636133623439633936353136633530333136366231
34666364363535306433303466313432303062666639313365303263353238303264656534306661
32356362386162393864623637323865386466663930363532363332383230306661663033363137
39396231356461636334306261383535656538636433326362623536383337356139383036643930
31383532636563316334333837646464336634363332393533376139613234383630616231623139
38333034386364363939363838666632363636663138663539353365303734393439343236343164
37633234323631656336313563613466643437326132653731313765313031383865613535343061
37663632393966376434383036306337646238626137613035656161343630316138333834643736
32323961613636643637336365633330353930303464393232373166393266613039326361303630
65333639396439383733353263323738653663363632633631656462636533393663626335383463
62373839383235356439343363663166373566653432353165396331346363616139396538623365
38653430316533303262366161303733343334633830376133383331346561616437633637663461
38623761636636666166306538336463623964643262646133666361313666383463313530366232
62383336613366346439666537326262653831316130346634666663393562613332333836626662
38616663323339656464323234306537393463646331396665653765663666326263616464336463
39396265356563353037643231336339313632653335373063646633313734306635323739653939
36303061613533653265323338396538616562363563666562666134656363376231393838633039
37336639326236616166306530303930663366646337343130383837386339623562366335323363
62373464353337636434643261353761353233613265343335646633663935336539356661306638
61366363643930383434393631316333313466343032656531613631313164336330626339316432
32353931303862353930616364613231363761666534316236306134623362646630623262343362
34396537316465313738396339383537396631653262613537653237633038636536356262313135
63393832613266656365666432653831383363393365636163663337623862356137303162343336
34343864633332336561383661646238353764343132356136353432623233343361363732633530
64353032396232396236383763636662616533653234613064313862373731353334643632363130
33363865636532386164653165393964313430316162373834663265386431386331396232383737
33633464383363623738366161333064353132613930666230643638336237393234623862363939
37323932323262373233663066356563663334303236383231623038313765666164643431636331
31656164363133643535636235316334326136353836353334363534666336333132636534326665
65323666326465626665393865623332633730353636346338393631336639313036353038313832
65396462393034636139386661333737656665353731383831336334343631633135323162353865
66396262653438326361363936326234383235346463303139353132616334633137353663623730
31613664383334323564626236656238633263343632633239633962333861343634323762623631
31616562376435313637633962646265306536363164643232656134343839386564306238343037
34346335366633306532303031383665383436356133646561383539663638663335306361333963
34323264613263373862373333656664613361326564383138666432616132373561356663313865
33383364636138643230613163336332393464663730333732353362663066613664326231363139
65376530333134316232633938666163653765376134323366626532333062363465346637626432
33626534643736613830313766353561613166613230643335303238646338386164373632613866
34353730623661363939656630626264623164363164313134643530316637376232373262653836
61626630353764393833666139663066383836666434376230353232663331303163353338343732
36663634346363383931363633613436313136656563313661313839613862663231613061616361
63613039346464633062633530653630306663613463363934313364363538313036373365363565
65653135666338303264323031363766386435663034376236376131313536636439623935346138
34626364336661373963666465373735386266396637623038386661326263636637616639353062
36306166653236613530623633326165316539656664663231383535396663313061623038663739
34393737316464353939353266626639303034323261333864653561656532323236363438633930
64333162333535653430396334343335393839626433396263633032663763346637393266636332
64366234663864646431306138346366616431636332306165316633383739376464303938373637
37646666363738303032613463646431366332353565363930356164646430643833396466373330
39336461363964303332353561306366343135653761623835313434366666336338626561363032
62363461396664366365383736386363376438353034616538316463363965663330353736323932
36373239353536303033663538613639373533366337386130343264656133353930326537336363
62643334316164623639313733656362616265313763663336623134633661323332306336356464
65346239363833616461396439666132333036326366386534306438366238623131356133313535
64336232616162613936623862613239373735323139356337646335363864343839383161316534
66353932313765656431383763393532396364666461313965383436323738613138303833623531
62396663383265373264353130363638316263373532306137333136363132323734386136383565
36613536623161656638626539316335393130333838353861663131623534303561656230313766
66643062633564346134396130666331383364653337353934393731663463316662623130393236
62303262666130323361353434343839346335333135643833616261353834323036313037663234
63643939323131356634656437386433356436373763383438363564623530623632613633313466
34363861626233663766343661343037376332343632313830633232383530353238353731343065
30333764643534343738316165663461623165303736633737393230613537313931353837326437
61373338626237363362663763393762303830323034363631336133333737343934313765303336
32386461666563386363373134633334336463353337643566363063346634313731653566653563
64333437393265383763663736326562393738616437343736373431373461663262323136383064
66353361323166323566653832313563623266343665346435376564343062333663653261643963
35636161333238323534306163306566623865323465366637366461643264336236316237306463
35303333653662623233653266303930643232363730386438306331323561383536313664663665
33643831346535653964386662383138663566356534666437646165653335666439376365373165
37646466316166393762396633366266613633636134663664313562393866626339643836393166
33663066306562646365626662613463336432633732613362303934303164336339636437646239
65313931643965663133633633626465316339303035326535633765363739646530613639306631
64363733633033313961656636386238303935333430613966636336633032613464333866653639
63613262306262396464393661343961643265613135373539376364656664656265396265643439
39383564386130343736663434336135356665323035313737373533636363396565333661333962
31623139643930393263646335336430376130653630646337396166323238383835393165303334
34666463316165363264363864333966316433346637623031353264326565313330353430396336
62303438386661373763636266656464636232623064613262393264646564366530616363373430
35643932393436393435636232336363306562306665356165306166313732346566653731346135
34653961393737383962343862643662343539353333623436643532306335383132343561623732
62396565373738636464323435383961623832346661393035363434343765383061343563656265
64626166396632643232613362373866306666303638613536386562663838366262313236393432
62633365316265643937643533313030646361633266636232326534616163646266326165306331
38323664663436373134613365333039303565393439643933383338616362646232333232346433
30306262653463613062643465343366663164626637313536633965303665646537643634663439
38306234323238333937303034393164363865376662633934383635666261656535376637336163
34653863316135336537396266316136326433643133626437303539616539346539663135313066
39663266396238343932623334333433626635346130356463636563306133636532366232343832
33333036353133316665616462396462343837323765306264336363343336326433663164373231
35323766323435643535343261643265623333383439623561653136303665353734623763323739
31653365626465616139373336313638636631663466306563353265623836383734633264613237
35326365666638323332616265336231663132363966346137356632386633663966356130386434
61613331383438656530386637646331316236326663663366363665633463353038343330356233
61336539633362333438346166323730393436303961623831386537663766613030313063643464
37376239623165366266326566333263613333666164313633393430353330383566643130333934
33633362636238333834666662373266353138363365373361343533316638613131396131653734
39623937663535346338373765663832313834366632373735343539623764393236333531343462
38346233616332386132626563623735343763303164653131333565303766393564393561623266
65313765613332653032613335323136353030373738316537363533653839356362326432303130
65656137633237623533616533373539353564656539323531626535393763643834656165616335
33323039663230386430303462626539393562346333646332633432663164393131636437333733
66333638626638633165653766356165306666313635653664643962383231363038336230653863
30663330333137633035333734613633343831313961336534633930653562613764336232643465
63383530626564346662643063313935313134336561353133616336613762666230393362656538
61323532633436376537393732666634356631656533353764343735373130346233356435396330
3930303936633863646633353934663561633234303037343663
