$ANSIBLE_VAULT;1.1;AES256
34373437623031366332343731356539346365623462643834303239316135643832386131333539
6666306565346561643933393837363733336431353131660a633832363263333365633633613134
31643637323630636433303034363462313335356336633739366364613731343263666530323837
6666326265376536650a343866316337623961336437653966656164613335636136346261303764
31666665353763336636383562353737373337316636336230333165336235336466656439653032
36376532666436643234343763373863356132613138366436623863316362636239323166373037
63363232366631373534613937396165643136396335656163643134663537303066323137666239
64346162303963333565653939333766616630303162653863636330336636386137336234643939
66346662396261666530393232633039373733636363396331663730306237313231316230636433
63353037333638633064323164383966353634366366366632313836656263643361373331623136
31363431396139653164613062323563343139633030666237393338386137663362663866333063
34356335326636613839643234363262363963383036623763306666613033626239336534323162
66666530653132626431353461643734383236663431613337393838623361633936333161346139
31316238383838633436643238326339333866363837656639653730626336353736666636633661
37626130333137313664366337366638646630356630303933323961653033396263663131663864
64383831383435363836326462326539313162343537366136343239666138653266313132353034
30653365376335326138313336313037393862313936636530373137303938366334643634613734
32633939633635313032316366633764616563646661323331613637313730653932646661393836
63623036646132663261653537373632393563643239653631613535643566366165303166356331
61626264626365646266616561653038343765313062393739353035383137396232323262613164
32663564623864343263623562376466343034633537333832643664306135396234376431396339
33323035343338613435656238623538333762303833653234643731346666623165643666643234
63313938386630356263363535623562663338613034653638623536626266356539646665303933
34313262633930373830316531616361643730643032656162353631616565376535333566316362
62366630363238343535363931323638383534363134346361316430626335616666336432613532
35313435613364333739373863653163356137643036313737353765306463366365306234643731
62643038613761356436666562323830613835346234613537373431313236663064316231633464
32323661643135643563333239353934356162343161623236393330343036613234313164396431
38326166616164373636623961356135356662626336653931643661333633656238343432653031
30366430343164323062616561613935326636333061666534363330313237643237656264626435
61373661396364366566333433616363393034646638386232373964616432626338326432643766
36346534363064653561353666386638653266653461663164393537663565363662356538386339
66643762346666356462383236626438383835623863333739613165663562353038613761643932
31316562366263306233646438626462653637646235663333666637373163343034356137643836
62336534373335306239323062616262613964646438346437663165333938646632323037316465
62643033373932623364366265663638396634366566353663313933343562323531613666396336
61643139656131363831616432643531623334623039323463306131653166633032643530343366
63666361303933336362613564336565363663363835386635363832366338666531663938383333
34356631636365343033343666316434613030353436343965383163623964386539623836333662
65316136376231346563303566636538363366343936346464333764366438386231393032623833
33356264646131653136643930353132386666626438386234336262363366313834373462353265
37383232323532663066373131363837633332376432376532643564386636656233643835343930
34373431646537316662613639646537616537373561623333346539626133616430616465636639
32616166623739376564376535356565363363306631323735306536366237623732316536376362
37386530666466353366613762653036386565646132613837613562363534666137303934316430
62313863383430643165643436323939623465363532303535653066323564346633326565633230
65316162636631623832623231383730633432656637356130633835616664623835313638623430
64613863663065626331353036643639613137623465633264653233323236353731313261303361
38616133663465383432393865323132316363643338363631363334643964363363613966376262
33393735613963306466313832336238303131393639333637616562623161386137323636356462
61616161373135623162613963326661633131383234653361663838363661333165333662323364
31613131373730313931333361306137666364333636353636613038343738636636313739356464
31346363623665643935303061333932643663663634316631633837383330623261396238303037
38336137393565333436393463333766313039633462306434363830373239353161663063663165
31396332303131636133386363613561346263313637386364623764393732623936643039346335
30626236666661353431356132336661326236623730303637383930643963363538363733333061
33303735633064656261373666383138323763663839363761643664616463306366616134666135
62353232353232646531363731383736613861626666666235313233386262303765646266303863
39656233343265313361653438383266336237303037366266636533616136613037393736646630
35333237633138303965316635383837623333396434373132353734343731313030633264303937
39633838616238636362376464333038383538316133353236623230663331336437376134663931
61373135613238363239343432303263306366393730316230316363626265623832326230306561
37313165393137336636393839336464386533363863653361653339643134623166373631376238
34306239613038313964396462323463313530616132306530666330666564343965666162343764
31383131353432346161633636323130346630636237306533613636623066623561633532376539
37383731333433656666333836663763646465383362393033303264333134663635663463616534
61396265353532663637623461623337303866646230653065643733313762353565356137653432
64653530306163656231646331386161623833306336663963346331313333323731393236616436
34316432363430633939346263346331663038303930656531343836366436613065363336646238
64333631323637363466376536353036633234613236353637353565316264323334373832383665
61656661373062633263666665303639353166663761306330333638363932376463633961663664
38313330356539343232306162386630336630336238393461343332633030656139643137666564
34393539353936626137343137363537303331666565653837373036653861366639326665303538
30383732356438303736373039303131656436646161643433383135346530366431393534623537
61343664333632643866633235386661363066373264633162336138663537343032626232366533
34363265393566383238643266343964343133663632633664316264616239613366363962626537
64376631303835383236656639366336303939303430333834653330613532353863313738363639
33346531623265303166616365626266306130336639613537653964363864346266303739326230
34366262646264663038363632356563323333613939623830363533303434396463613064623938
30616164346464333666633063623065366339623162643534623230326339613831323930653665
33363631656639366636306635643538323336383038623939373237643862633666373865363964
35386638656538393463386639343637653730316564623261306630333034643164323830623264
32663339303266363565623234383937336430633136653635663437363161646631386563396262
61646332303234316666333561333564663937653630613031646564353531663237653539366466
32323061656563613332383065616233383561383134336430653734376338656364663238656536
31633330633566653931356534653564316161616438353739626437313939333433663438663939
64626664313861323837313564643634306635373066383366653562373366343734336466373864
37376631313933653161336366353962646262613835666530643866623835376335336264663232
31633535626661303566366666383536343163323666386436376433643163303464393466313732
37653339353366306638643233313536383538336564636137363638363535653033343164656430
32303734613438313761373130613732346462643733393164356165313064613866313131623435
64386565376664656137343132363938636262623730646130366638626137643037353066666636
31633439636463303335643034333431333234353937663363633833613835303336346164616636
65643938623337636536656136346364373131656563643535366536663232656137653866353631
31303436363764346163646232393437356535383566306230373362373262356331636331363432
62643262366434643164343465386265396633376630656237633564376136613539656637643031
34626264643734303133313961313834656233376434343337336132633834313261306164386439
36653563643664356330353934326635343761613437656264386530303964653534356265646137
35346631363063373131313733346130333662386330326434653932613036393664663665313235
32653231656166373332363765663634616132616366373762393861333831643838333063303533
34376235313433353236366230343238336166383965306134393533366563306366333536363734
37383538366638663334383230363539663833633033393538636538616231346262633230346165
31663331303532323333306533333734303431306162623666363033383364383839373334393834
65366236633533666438343631666336613537643332643030353732623439363933376634376634
34656363323465366130653265346237663932643732333033353466343563613764316330626461
39376363306230636665343532383230633530303532643730326239363061663662366138643333
66333362303233636633633639366461313063633933393330363063316661393662633063303266
62623335363130343437353736643434623538333663323132303139646661653733306661333038
34633962316465623565373234613466373764313864383138336633663439323163336265313236
38343831633433613066663761383766383934363935363337383463353835366431366134343130
63386132366630653665653936383139336466626165313039393531393165663630653236643230
30653563353035343432323263366235666632666636396338343839346437623633326636376139
38343331663064353730336639326263656264383438643465646332353334363963316164653139
63323162646338396461643633303439303934393865313832376139333231363538343564633137
31373265373134386161373732653565313766313935626663613366613738653963613664646530
39636132313235646461303966386433326630633831343662386236393137383239643962336135
64343366363463666563326133613466323462643963396565353638646530366134346464303664
32383533613533333936623964356266623837353130373530653361373665613331333264616465
35343034386132663333643738373331396130306134623138303332303266636137346334623238
37373464323531393336306138616132363061643730353239303133626233616337366566393032
63393133616136643563383737386336333132356466393635303065346162656662656366326464
32343366393637396463363562383739336334303934343462373838333631356439383532373365
34656364343266656565313664353537336334366362313962366531613436313539653464663436
33643738636234316438326236636435306263313762633665353365326461393666656261383535
32313366306433336265386163646530303861343531623637373634326532343765323664356635
63623561363633343630633463663265323063373339383265653566343139636566646530623463
64333436303139626366333336326562316565306536623664666661613834656166393439613430
33646138643865383735383163633064623966643835313865306161626365326430336165366339
38336135376131316239363034373661353132303633653933666539386536313166633965346237
30346366346430363464333035373536643363306665653837656631393935363661323837313035
30613261343264303433373437373331373234366438383064363563393761613464323832323064
65623133343934333461616431646439363937353136393166636364316163333738666665663439
33306138313433303361346433643164343962306330663138643634333134356364613231643334
33353032626538656636623661333233633161646430633436376534316666626362653839306662
37376234636634383163626531303039383635373862663839326161316464613136323230363230
32366563386163653534623830626662326162313463366366393562326663656232363666643935
61303533666466343431636535666239356661663766356233616261333465356136383265316563
62633636373735623066666465363738336264326566613539376138306566333137303838356535
36363030393835323463623334623763633432663862316263383766633634393530363566363263
37323362383365346265353561363738663738326432623263623737356363653439626430633865
39656439343432333833316663616334646565356430353731366332616561636563316336633736
33333333633766323865636162393738366532336365303761643833356665666266636161386166
66326331666561303866646263633631313034333839303232316332633165636661646532363134
32623765636232326262396638663166323165303336666363323565666566643835616265396664
30636139666430376437666336636461396335313532393035623563333566363862363266373533
65343037663635353463626235383939326562643530643635373836396236616438316336613764
33386539633036653162636437343839323938656533363136616635383734643436376234396262
62343239616439626338646333323631353137346333386433633736643865303936346638303037
61376636383732656339643235666166393464636531646231323663346333356465
